# AppID список, извлечённый из .
# Создан: 2026-02-14 18:10:09
# Всего игр: 99
#
# Формат: один AppID на строку
# Строки начинающиеся с # - комментарии

1010870
1082430
1116210
1121910
1174940
1290270
1293820
1388880
1392820
1394930
1477070
1647740
1684660
1725620
1742930
1997680
209370
2158650
217980
2252960
2484160
2497610
251870
251990
269250
286260
2873080
2992240
3010070
3102210
310360
313740
315810
324160
326950
331470
335660
340730
342380
344770
3487340
352610
3543420
358750
359390
3660600
366780
368160
371120
383460
385800
386970
403640
410890
4122860
412830
413410
413420
415850
417860
423880
426690
430960
431540
435300
447530
451760
496630
522880
523780
527190
555640
565410
614570
615530
628730
629650
650330
655770
680590
686760
698780
766280
787480
794540
812810
825320
825630
834150
836450
881560
885640
894460
913450
914800
920810
970400
970600
978460
